x1 = [-10 -9.99 -9.98 -9.97 -9.96 -9.95 -9.94 -9.93 -9.92 -9.91 -9.9 -9.89 -9.88 -9.87 -9.86 -9.85 -9.84 -9.83 -9.82 -9.81 -9.8 -9.79 -9.78 -9.77 -9.76 -9.75 -9.74 -9.73 -9.72 -9.71 -9.7 -9.69 -9.68 -9.67 -9.66 -9.65 -9.64 -9.63 -9.62 -9.61 -9.6 -9.59 -9.58 -9.57 -9.56 -9.55 -9.54 -9.53 -9.52 -9.51 -9.5 -9.49 -9.48 -9.47 -9.46 -9.45 -9.44 -9.43 -9.42 -9.41 -9.4 -9.39 -9.38 -9.37 -9.36 -9.35 -9.34 -9.33 -9.32 -9.31 -9.3 -9.29 -9.28 -9.27 -9.26 -9.25 -9.24 -9.23 -9.22 -9.21 -9.2 -9.19 -9.18 -9.17 -9.16 -9.15 -9.14 -9.13 -9.12 -9.11 -9.1 -9.09 -9.08 -9.07 -9.06 -9.05 -9.04 -9.03 -9.02 -9.01 -9 -8.99 -8.98 -8.97 -8.96 -8.95 -8.94 -8.93 -8.92 -8.91 -8.9 -8.89 -8.88 -8.87 -8.86 -8.85 -8.84 -8.83 -8.82 -8.81 -8.8 -8.79 -8.78 -8.77 -8.76 -8.75 -8.74 -8.73 -8.72 -8.71 -8.7 -8.69 -8.68 -8.67 -8.66 -8.65 -8.64 -8.63 -8.62 -8.61 -8.6 -8.59 -8.58 -8.57 -8.56 -8.55 -8.54 -8.53 -8.52 -8.51 -8.5 -8.49 -8.48 -8.47 -8.46 -8.45 -8.44 -8.43 -8.42 -8.41 -8.4 -8.39 -8.38 -8.37 -8.36 -8.35 -8.34 -8.33 -8.32 -8.31 -8.3 -8.29 -8.28 -8.27 -8.26 -8.25 -8.24 -8.23 -8.22 -8.21 -8.2 -8.19 -8.18 -8.17 -8.16 -8.15 -8.14 -8.13 -8.12 -8.11 -8.1 -8.09 -8.08 -8.07 -8.06 -8.05 -8.04 -8.03 -8.02 -8.01 -8 -7.99 -7.98 -7.97 -7.96 -7.95 -7.94 -7.93 -7.92 -7.91 -7.9 -7.89 -7.88 -7.87 -7.86 -7.85 -7.84 -7.83 -7.82 -7.81 -7.8 -7.79 -7.78 -7.77 -7.76 -7.75 -7.74 -7.73 -7.72 -7.71 -7.7 -7.69 -7.68 -7.67 -7.66 -7.65 -7.64 -7.63 -7.62 -7.61 -7.6 -7.59 -7.58 -7.57 -7.56 -7.55 -7.54 -7.53 -7.52 -7.51 -7.5 -7.49 -7.48 -7.47 -7.46 -7.45 -7.44 -7.43 -7.42 -7.41 -7.4 -7.39 -7.38 -7.37 -7.36 -7.35 -7.34 -7.33 -7.32 -7.31 -7.3 -7.29 -7.28 -7.27 -7.26 -7.25 -7.24 -7.23 -7.22 -7.21 -7.2 -7.19 -7.18 -7.17 -7.16 -7.15 -7.14 -7.13 -7.12 -7.11 -7.1 -7.09 -7.08 -7.07 -7.06 -7.05 -7.04 -7.03 -7.02 -7.01 -7 -6.99 -6.98 -6.97 -6.96 -6.95 -6.94 -6.93 -6.92 -6.91 -6.9 -6.89 -6.88 -6.87 -6.86 -6.85 -6.84 -6.83 -6.82 -6.81 -6.8 -6.79 -6.78 -6.77 -6.76 -6.75 -6.74 -6.73 -6.72 -6.71 -6.7 -6.69 -6.68 -6.67 -6.66 -6.65 -6.64 -6.63 -6.62 -6.61 -6.6 -6.59 -6.58 -6.57 -6.56 -6.55 -6.54 -6.53 -6.52 -6.51 -6.5 -6.49 -6.48 -6.47 -6.46 -6.45 -6.44 -6.43 -6.42 -6.41 -6.4 -6.39 -6.38 -6.37 -6.36 -6.35 -6.34 -6.33 -6.32 -6.31 -6.3 -6.29 -6.28 -6.27 -6.26 -6.25 -6.24 -6.23 -6.22 -6.21 -6.2 -6.19 -6.18 -6.17 -6.16 -6.15 -6.14 -6.13 -6.12 -6.11 -6.1 -6.09 -6.08 -6.07 -6.06 -6.05 -6.04 -6.03 -6.02 -6.01 -6 -5.99 -5.98 -5.97 -5.96 -5.95 -5.94 -5.93 -5.92 -5.91 -5.9 -5.89 -5.88 -5.87 -5.86 -5.85 -5.84 -5.83 -5.82 -5.81 -5.8 -5.79 -5.78 -5.77 -5.76 -5.75 -5.74 -5.73 -5.72 -5.71 -5.7 -5.69 -5.68 -5.67 -5.66 -5.65 -5.64 -5.63 -5.62 -5.61 -5.6 -5.59 -5.58 -5.57 -5.56 -5.55 -5.54 -5.53 -5.52 -5.51 -5.5 -5.49 -5.48 -5.47 -5.46 -5.45 -5.44 -5.43 -5.42 -5.41 -5.4 -5.39 -5.38 -5.37 -5.36 -5.35 -5.34 -5.33 -5.32 -5.31 -5.3 -5.29 -5.28 -5.27 -5.26 -5.25 -5.24 -5.23 -5.22 -5.21 -5.2 -5.19 -5.18 -5.17 -5.16 -5.15 -5.14 -5.13 -5.12 -5.11 -5.1 -5.09 -5.08 -5.07 -5.06 -5.05 -5.04 -5.03 -5.02 -5.01 -5 -4.99 -4.98 -4.97 -4.96 -4.95 -4.94 -4.93 -4.92 -4.91 -4.9 -4.89 -4.88 -4.87 -4.86 -4.85 -4.84 -4.83 -4.82 -4.81 -4.8 -4.79 -4.78 -4.77 -4.76 -4.75 -4.74 -4.73 -4.72 -4.71 -4.7 -4.69 -4.68 -4.67 -4.66 -4.65 -4.64 -4.63 -4.62 -4.61 -4.6 -4.59 -4.58 -4.57 -4.56 -4.55 -4.54 -4.53 -4.52 -4.51 -4.5 -4.49 -4.48 -4.47 -4.46 -4.45 -4.44 -4.43 -4.42 -4.41 -4.4 -4.39 -4.38 -4.37 -4.36 -4.35 -4.34 -4.33 -4.32 -4.31 -4.3 -4.29 -4.28 -4.27 -4.26 -4.25 -4.24 -4.23 -4.22 -4.21 -4.2 -4.19 -4.18 -4.17 -4.16 -4.15 -4.14 -4.13 -4.12 -4.11 -4.1 -4.09 -4.08 -4.07 -4.06 -4.05 -4.04 -4.03 -4.02 -4.01 -4 -3.99 -3.98 -3.97 -3.96 -3.95 -3.94 -3.93 -3.92 -3.91 -3.9 -3.89 -3.88 -3.87 -3.86 -3.85 -3.84 -3.83 -3.82 -3.81 -3.8 -3.79 -3.78 -3.77 -3.76 -3.75 -3.74 -3.73 -3.72 -3.71 -3.7 -3.69 -3.68 -3.67 -3.66 -3.65 -3.64 -3.63 -3.62 -3.61 -3.6 -3.59 -3.58 -3.57 -3.56 -3.55 -3.54 -3.53 -3.52 -3.51 -3.5 -3.49 -3.48 -3.47 -3.46 -3.45 -3.44 -3.43 -3.42 -3.41 -3.4 -3.39 -3.38 -3.37 -3.36 -3.35 -3.34 -3.33 -3.32 -3.31 -3.3 -3.29 -3.28 -3.27 -3.26 -3.25 -3.24 -3.23 -3.22 -3.21 -3.2 -3.19 -3.18 -3.17 -3.16 -3.15 -3.14 -3.13 -3.12 -3.11 -3.1 -3.09 -3.08 -3.07 -3.06 -3.05 -3.04 -3.03 -3.02 -3.01 -3 -3];
m1= [-2.99999 -0]; t1= [0.00774596 0]; 
m2= [-0 0]; t2= [0 3]; 
x2 = [-2.99999 -2.98999 -2.97999 -2.96999 -2.95999 -2.94999 -2.93999 -2.92999 -2.91999 -2.90999 -2.89999 -2.88999 -2.87999 -2.86999 -2.85999 -2.84999 -2.83999 -2.82999 -2.81999 -2.80999 -2.79999 -2.78999 -2.77999 -2.76999 -2.75999 -2.74999 -2.73999 -2.72999 -2.71999 -2.70999 -2.69999 -2.68999 -2.67999 -2.66999 -2.65999 -2.64999 -2.63999 -2.62999 -2.61999 -2.60999 -2.59999 -2.58999 -2.57999 -2.56999 -2.55999 -2.54999 -2.53999 -2.52999 -2.51999 -2.50999 -2.49999 -2.48999 -2.47999 -2.46999 -2.45999 -2.44999 -2.43999 -2.42999 -2.41999 -2.40999 -2.39999 -2.38999 -2.37999 -2.36999 -2.35999 -2.34999 -2.33999 -2.32999 -2.31999 -2.30999 -2.29999 -2.28999 -2.27999 -2.26999 -2.25999 -2.24999 -2.23999 -2.22999 -2.21999 -2.20999 -2.19999 -2.18999 -2.17999 -2.16999 -2.15999 -2.14999 -2.13999 -2.12999 -2.11999 -2.10999 -2.09999 -2.08999 -2.07999 -2.06999 -2.05999 -2.04999 -2.03999 -2.02999 -2.01999 -2.00999 -1.99999 -1.98999 -1.97999 -1.96999 -1.95999 -1.94999 -1.93999 -1.92999 -1.91999 -1.90999 -1.89999 -1.88999 -1.87999 -1.86999 -1.85999 -1.84999 -1.83999 -1.82999 -1.81999 -1.80999 -1.79999 -1.78999 -1.77999 -1.76999 -1.75999 -1.74999 -1.73999 -1.72999 -1.71999 -1.70999 -1.69999 -1.68999 -1.67999 -1.66999 -1.65999 -1.64999 -1.63999 -1.62999 -1.61999 -1.60999 -1.59999 -1.58999 -1.57999 -1.56999 -1.55999 -1.54999 -1.53999 -1.52999 -1.51999 -1.50999 -1.49999 -1.48999 -1.47999 -1.46999 -1.45999 -1.44999 -1.43999 -1.42999 -1.41999 -1.40999 -1.39999 -1.38999 -1.37999 -1.36999 -1.35999 -1.34999 -1.33999 -1.32999 -1.31999 -1.30999 -1.29999 -1.28999 -1.27999 -1.26999 -1.25999 -1.24999 -1.23999 -1.22999 -1.21999 -1.20999 -1.19999 -1.18999 -1.17999 -1.16999 -1.15999 -1.14999 -1.13999 -1.12999 -1.11999 -1.10999 -1.09999 -1.08999 -1.07999 -1.06999 -1.05999 -1.04999 -1.03999 -1.02999 -1.01999 -1.00999 -0.99999 -0.98999 -0.97999 -0.96999 -0.95999 -0.94999 -0.93999 -0.92999 -0.91999 -0.90999 -0.89999 -0.88999 -0.87999 -0.86999 -0.85999 -0.84999 -0.83999 -0.82999 -0.81999 -0.80999 -0.79999 -0.78999 -0.77999 -0.76999 -0.75999 -0.74999 -0.73999 -0.72999 -0.71999 -0.70999 -0.69999 -0.68999 -0.67999 -0.66999 -0.65999 -0.64999 -0.63999 -0.62999 -0.61999 -0.60999 -0.59999 -0.58999 -0.57999 -0.56999 -0.55999 -0.54999 -0.53999 -0.52999 -0.51999 -0.50999 -0.49999 -0.48999 -0.47999 -0.46999 -0.45999 -0.44999 -0.43999 -0.42999 -0.41999 -0.40999 -0.39999 -0.38999 -0.37999 -0.36999 -0.35999 -0.34999 -0.33999 -0.32999 -0.31999 -0.30999 -0.29999 -0.28999 -0.27999 -0.26999 -0.25999 -0.24999 -0.23999 -0.22999 -0.21999 -0.20999 -0.19999 -0.18999 -0.17999 -0.16999 -0.15999 -0.14999 -0.13999 -0.12999 -0.11999 -0.10999 -0.09999 -0.08999 -0.07999 -0.06999 -0.05999 -0.04999 -0.03999 -0.02999 -0.01999 -0.00999 0];
