x = [-10 -9.97 -9.94 -9.91 -9.88 -9.85 -9.82 -9.79 -9.76 -9.73 -9.7 -9.67 -9.64 -9.61 -9.58 -9.55 -9.52 -9.49 -9.46 -9.43 -9.4 -9.37 -9.34 -9.31 -9.28 -9.25 -9.22 -9.19 -9.16 -9.13 -9.1 -9.07 -9.04 -9.01 -8.98 -8.95 -8.92 -8.89 -8.86 -8.83 -8.8 -8.77 -8.74 -8.71 -8.68 -8.65 -8.62 -8.59 -8.56 -8.53 -8.5 -8.47 -8.44 -8.41 -8.38 -8.35 -8.32 -8.29 -8.26 -8.23 -8.2 -8.17 -8.14 -8.11 -8.08 -8.05 -8.02 -7.99 -7.96 -7.93 -7.9 -7.87 -7.84 -7.81 -7.78 -7.75 -7.72 -7.69 -7.66 -7.63 -7.6 -7.57 -7.54 -7.51 -7.48 -7.45 -7.42 -7.39 -7.36 -7.33 -7.3 -7.27 -7.24 -7.21 -7.18 -7.15 -7.12 -7.09 -7.06 -7.03 -7 -6.97 -6.94 -6.91 -6.88 -6.85 -6.82 -6.79 -6.76 -6.73 -6.7 -6.67 -6.64 -6.61 -6.58 -6.55 -6.52 -6.49 -6.46 -6.43 -6.4 -6.37 -6.34 -6.31 -6.28 -6.25 -6.22 -6.19 -6.16 -6.13 -6.1 -6.07 -6.04 -6.01 -5.98 -5.95 -5.92 -5.89 -5.86 -5.83 -5.8 -5.77 -5.74 -5.71 -5.68 -5.65 -5.62 -5.59 -5.56 -5.53 -5.5 -5.47 -5.44 -5.41 -5.38 -5.35 -5.32 -5.29 -5.26 -5.23 -5.2 -5.17 -5.14 -5.11 -5.08 -5.05 -5.02 -4.99 -4.96 -4.93 -4.9 -4.87 -4.84 -4.81 -4.78 -4.75 -4.72 -4.69 -4.66 -4.63 -4.6 -4.57 -4.54 -4.51 -4.48 -4.45 -4.42 -4.39 -4.36 -4.33 -4.3 -4.27 -4.24 -4.21 -4.18 -4.15 -4.12 -4.09 -4.06 -4.03 -4 -3.97 -3.94 -3.91 -3.88 -3.85 -3.82 -3.79 -3.76 -3.73 -3.7 -3.67 -3.64 -3.61 -3.58 -3.55 -3.52 -3.49 -3.46 -3.43 -3.4 -3.37 -3.34 -3.31 -3.28 -3.25 -3.22 -3.19 -3.16 -3.13 -3.1 -3.07 -3.04 -3.01 -2.98 -2.95 -2.92 -2.89 -2.86 -2.83 -2.8 -2.77 -2.74 -2.71 -2.68 -2.65 -2.62 -2.59 -2.56 -2.53 -2.5 -2.47 -2.44 -2.41 -2.38 -2.35 -2.32 -2.29 -2.26 -2.23 -2.2 -2.17 -2.14 -2.11 -2.08 -2.05 -2.02 -1.99 -1.96 -1.93 -1.9 -1.87 -1.84 -1.81 -1.78 -1.75 -1.72 -1.69 -1.66 -1.63 -1.6 -1.57 -1.54 -1.51 -1.48 -1.45 -1.42 -1.39 -1.36 -1.33 -1.3 -1.27 -1.24 -1.21 -1.18 -1.15 -1.12 -1.09 -1.06 -1.03 -1 -0.97 -0.94 -0.91 -0.88 -0.85 -0.82 -0.79 -0.76 -0.73 -0.7 -0.67 -0.64 -0.61 -0.58 -0.55 -0.52 -0.49 -0.46 -0.43 -0.4 -0.37 -0.34 -0.31 -0.28 -0.25 -0.22 -0.19 -0.16 -0.13 -0.1 -0.07 -0.04 -0.01 0.02 0.05 0.08 0.11 0.14 0.17 0.2 0.23 0.26 0.29 0.32 0.35 0.38 0.41 0.44 0.47 0.5 0.53 0.56 0.59 0.62 0.65 0.68 0.71 0.74 0.77 0.8 0.83 0.86 0.89 0.92 0.95 0.98 1.01 1.04 1.07 1.1 1.13 1.16 1.19 1.22 1.25 1.28 1.31 1.34 1.37 1.4 1.43 1.46 1.49 1.52 1.55 1.58 1.61 1.64 1.67 1.7 1.73 1.76 1.79 1.82 1.85 1.88 1.91 1.94 1.97 2 2.03 2.06 2.09 2.12 2.15 2.18 2.21 2.24 2.27 2.3 2.33 2.36 2.39 2.42 2.45 2.48 2.51 2.54 2.57 2.6 2.63 2.66 2.69 2.72 2.75 2.78 2.81 2.84 2.87 2.9 2.93 2.96 2.99 3.02 3.05 3.08 3.11 3.14 3.17 3.2 3.23 3.26 3.29 3.32 3.35 3.38 3.41 3.44 3.47 3.5 3.53 3.56 3.59 3.62 3.65 3.68 3.71 3.74 3.77 3.8 3.83 3.86 3.89 3.92 3.95 3.98 4.01 4.04 4.07 4.1 4.13 4.16 4.19 4.22 4.25 4.28 4.31 4.34 4.37 4.4 4.43 4.46 4.49 4.52 4.55 4.58 4.61 4.64 4.67 4.7 4.73 4.76 4.79 4.82 4.85 4.88 4.91 4.94 4.97 5 5.03 5.06 5.09 5.12 5.15 5.18 5.21 5.24 5.27 5.3 5.33 5.36 5.39 5.42 5.45 5.48 5.51 5.54 5.57 5.6 5.63 5.66 5.69 5.72 5.75 5.78 5.81 5.84 5.87 5.9 5.93 5.96 5.99 6.02 6.05 6.08 6.11 6.14 6.17 6.2 6.23 6.26 6.29 6.32 6.35 6.38 6.41 6.44 6.47 6.5 6.53 6.56 6.59 6.62 6.65 6.68 6.71 6.74 6.77 6.8 6.83 6.86 6.89 6.92 6.95 6.98 7.01 7.04 7.07 7.1 7.13 7.16 7.19 7.22 7.25 7.28 7.31 7.34 7.37 7.4 7.43 7.46 7.49 7.52 7.55 7.58 7.61 7.64 7.67 7.7 7.73 7.76 7.79 7.82 7.85 7.88 7.91 7.94 7.97 8 8.03 8.06 8.09 8.12 8.15 8.18 8.21 8.24 8.27 8.3 8.33 8.36 8.39 8.42 8.45 8.48 8.51 8.54 8.57 8.6 8.63 8.66 8.69 8.72 8.75 8.78 8.81 8.84 8.87 8.9 8.93 8.96 8.99 9.02 9.05 9.08 9.11 9.14 9.17 9.2 9.23 9.26 9.29 9.32 9.35 9.38 9.41 9.44 9.47 9.5 9.53 9.56 9.59 9.62 9.65 9.68 9.71 9.74 9.77 9.8 9.83 9.86 9.89 9.92 9.95 9.98 10.01 10.04 10.07 10.1 10.13 10.16 10.19 10.22 10.25 10.28 10.31 10.34 10.37 10.4 10.43 10.46 10.49 10.52 10.55 10.58 10.61 10.64 10.67 10.7 10.73 10.76 10.79 10.82 10.85 10.88 10.91 10.94 10.97 11 11.03 11.06 11.09 11.12 11.15 11.18 11.21 11.24 11.27 11.3 11.33 11.36 11.39 11.42 11.45 11.48 11.51 11.54 11.57 11.6 11.63 11.66 11.69 11.72 11.75 11.78 11.81 11.84 11.87 11.9 11.93 11.96 11.99 12.02 12.05 12.08 12.11 12.14 12.17 12.2 12.23 12.26 12.29 12.32 12.35 12.38 12.41 12.44 12.47 12.5 12.53 12.56 12.59 12.62 12.65 12.68 12.71 12.74 12.77 12.8 12.83 12.86 12.89 12.92 12.95 12.98 13.01 13.04 13.07 13.1 13.13 13.16 13.19 13.22 13.25 13.28 13.31 13.34 13.37 13.4 13.43 13.46 13.49 13.52 13.55 13.58 13.61 13.64 13.67 13.7 13.73 13.76 13.79 13.82 13.85 13.88 13.91 13.94 13.97 14 14.03 14.06 14.09 14.12 14.15 14.18 14.21 14.24 14.27 14.3 14.33 14.36 14.39 14.42 14.45 14.48 14.51 14.54 14.57 14.6 14.63 14.66 14.69 14.72 14.75 14.78 14.81 14.84 14.87 14.9 14.93 14.96 14.99 ];
